{"controlState":"CTRL_TRANS_TAKEOFF","flyState":"FLYING_OK","batteryPercentage":19,"rotation":{"frontBack":1.257,"pitch":1.257,"theta":1.257,"y":1.257,"leftRight":1.173,"roll":1.173,"phi":1.173,"x":1.173,"clockwise":156.939,"yaw":156.939,"psi":156.939,"z":156.939},"frontBackDegrees":1.257,"leftRightDegrees":1.173,"clockwiseDegrees":156.939,"altitude":0,"altitudeMeters":0,"velocity":{"x":0,"y":-1.192342864442253e-7,"z":0},"xVelocity":0,"yVelocity":-1.192342864442253e-7,"zVelocity":0,"frameIndex":0,"detection":{"camera":{"rotation":{"m11":0,"m12":0,"m13":0,"m21":0,"m22":0,"m23":0,"m31":0,"m32":0,"m33":0},"translation":{"x":0,"y":0,"z":0},"type":3},"tagIndex":0},"drone":{"camera":{"rotation":{"m11":0.9997590184211731,"m12":-0.0000629149581072852,"m13":0.021952269598841667,"m21":0.0005123040173202753,"m22":0.999790370464325,"m23":-0.020466169342398643,"m31":-0.0219463799148798,"m32":0.020472483709454536,"m33":0.9995495080947876},"translation":{"x":7.388657093048096,"y":-4.661861419677734,"z":-239}}}}{"controlState":"CTRL_TRANS_TAKEOFF","flyState":"FLYING_OK","batteryPercentage":19,"rotation":{"frontBack":0.949,"pitch":0.949,"theta":0.949,"y":0.949,"leftRight":1.343,"roll":1.343,"phi":1.343,"x":1.343,"clockwise":156.95,"yaw":156.95,"psi":156.95,"z":156.95},"frontBackDegrees":0.949,"leftRightDegrees":1.343,"clockwiseDegrees":156.95,"altitude":0,"altitudeMeters":0,"velocity":{"x":3.469446951953614e-18,"y":1.192420597817545e-7,"z":0},"xVelocity":3.469446951953614e-18,"yVelocity":1.192420597817545e-7,"zVelocity":0,"frameIndex":0,"detection":{"camera":{"rotation":{"m11":0,"m12":0,"m13":0,"m21":0,"m22":0,"m23":0,"m31":0,"m32":0,"m33":0},"translation":{"x":0,"y":0,"z":0},"type":3},"tagIndex":0},"drone":{"camera":{"rotation":{"m11":0.9998624324798584,"m12":-0.00032442103838548064,"m13":0.016583984717726707,"m21":0.0007129756850190461,"m22":0.9997252821922302,"m23":-0.02342897094786167,"m31":-0.016571829095482826,"m32":0.02343757264316082,"m33":0.9995879530906677},"translation":{"x":7.716243743896484,"y":-5.373795032501221,"z":-240}}}}{"controlState":"CTRL_TRANS_TAKEOFF","flyState":"FLYING_OK","batteryPercentage":19,"rotation":{"frontBack":0.679,"pitch":0.679,"theta":0.679,"y":0.679,"leftRight":1.811,"roll":1.811,"phi":1.811,"x":1.811,"clockwise":156.981,"yaw":156.981,"psi":156.981,"z":156.981},"frontBackDegrees":0.679,"leftRightDegrees":1.811,"clockwiseDegrees":156.981,"altitude":0,"altitudeMeters":0,"velocity":{"x":0,"y":1.1926890408631152e-7,"z":0},"xVelocity":0,"yVelocity":1.1926890408631152e-7,"zVelocity":0,"frameIndex":0,"detection":{"camera":{"rotation":{"m11":0,"m12":0,"m13":0,"m21":0,"m22":0,"m23":0,"m31":0,"m32":0,"m33":0},"translation":{"x":0,"y":0,"z":0},"type":3},"tagIndex":0},"drone":{"camera":{"rotation":{"m11":0.9999289512634277,"m12":-0.0008728552493266761,"m13":0.011889471672475338,"m21":0.0012481866870075464,"m22":0.9994999170303345,"m23":-0.03159765154123306,"m31":-0.01185594592243433,"m32":0.031610243022441864,"m33":0.9994299411773682},"translation":{"x":7.932372570037842,"y":-6.200717926025391,"z":-239}}}}{"controlState":"CTRL_TRANS_TAKEOFF","flyState":"FLYING_OK","batteryPercentage":19,"rotation":{"frontBack":-1.609,"pitch":-1.609,"theta":-1.609,"y":-1.609,"leftRight":2.839,"roll":2.839,"phi":2.839,"x":2.839,"clockwise":157.083,"yaw":157.083,"psi":157.083,"z":157.083},"frontBackDegrees":-1.609,"leftRightDegrees":2.839,"clockwiseDegrees":157.083,"altitude":0,"altitudeMeters":0,"velocity":{"x":-9.052388079538318e-43,"y":-1.5988815477946163e-42,"z":0},"xVelocity":-9.052388079538318e-43,"yVelocity":-1.5988815477946163e-42,"zVelocity":0,"frameIndex":0,"detection":{"camera":{"rotation":{"m11":0,"m12":0,"m13":0,"m21":0,"m22":0,"m23":0,"m31":0,"m32":0,"m33":0},"translation":{"x":0,"y":0,"z":0},"type":3},"tagIndex":0},"drone":{"camera":{"rotation":{"m11":0.9996007084846497,"m12":-0.004407278727740049,"m13":-0.02791013941168785,"m21":0.0030180171597748995,"m22":0.998763382434845,"m23":-0.04962413012981415,"m31":0.028094332665205002,"m32":0.04952008277177811,"m33":0.9983779191970825},"translation":{"x":7.509204864501953,"y":-8.08403205871582,"z":-240}}}}{"controlState":"CTRL_TRANS_TAKEOFF","flyState":"FLYING_OK","batteryPercentage":19,"rotation":{"frontBack":-2.592,"pitch":-2.592,"theta":-2.592,"y":-2.592,"leftRight":2.997,"roll":2.997,"phi":2.997,"x":2.997,"clockwise":157.117,"yaw":157.117,"psi":157.117,"z":157.117},"frontBackDegrees":-2.592,"leftRightDegrees":2.997,"clockwiseDegrees":157.117,"altitude":0,"altitudeMeters":0,"velocity":{"x":2.3866280685069796e-7,"y":2.39310281813232e-7,"z":0},"xVelocity":2.3866280685069796e-7,"yVelocity":2.39310281813232e-7,"zVelocity":0,"frameIndex":0,"detection":{"camera":{"rotation":{"m11":0,"m12":0,"m13":0,"m21":0,"m22":0,"m23":0,"m31":0,"m32":0,"m33":0},"translation":{"x":0,"y":0,"z":0},"type":3},"tagIndex":0},"drone":{"camera":{"rotation":{"m11":0.998970091342926,"m12":-0.005986218806356192,"m13":-0.04497632011771202,"m21":0.0036227391101419926,"m22":0.9986170530319214,"m23":-0.05244831740856171,"m31":0.04522809013724327,"m32":0.05223136395215988,"m33":0.9976102709770203},"translation":{"x":6.484424114227295,"y":-9.152647018432617,"z":-241}}}}{"controlState":"CTRL_TRANS_TAKEOFF","flyState":"FLYING_OK","batteryPercentage":19,"rotation":{"frontBack":-3.739,"pitch":-3.739,"theta":-3.739,"y":-3.739,"leftRight":3.403,"roll":3.403,"phi":3.403,"x":3.403,"clockwise":157.009,"yaw":157.009,"psi":157.009,"z":157.009},"frontBackDegrees":-3.739,"leftRightDegrees":3.403,"clockwiseDegrees":157.009,"altitude":0,"altitudeMeters":0,"velocity":{"x":2.3892727085694787e-7,"y":2.397664786712994e-7,"z":0},"xVelocity":2.3892727085694787e-7,"yVelocity":2.397664786712994e-7,"zVelocity":0,"frameIndex":0,"detection":{"camera":{"rotation":{"m11":0,"m12":0,"m13":0,"m21":0,"m22":0,"m23":0,"m31":0,"m32":0,"m33":0},"translation":{"x":0,"y":0,"z":0},"type":3},"tagIndex":0},"drone":{"camera":{"rotation":{"m11":0.9978693723678589,"m12":-0.00560693209990859,"m13":-0.06500215828418732,"m21":0.0017346154199913144,"m22":0.9982282519340515,"m23":-0.059476159512996674,"m31":0.06522046029567719,"m32":0.05923668295145035,"m33":0.9961110949516296},"translation":{"x":4.851500511169434,"y":-10.034659385681152,"z":-240}}}}{"controlState":"CTRL_TRANS_TAKEOFF","flyState":"FLYING_OK","batteryPercentage":19,"rotation":{"frontBack":-4.193,"pitch":-4.193,"theta":-4.193,"y":-4.193,"leftRight":3.932,"roll":3.932,"phi":3.932,"x":3.932,"clockwise":156.988,"yaw":156.988,"psi":156.988,"z":156.988},"frontBackDegrees":-4.193,"leftRightDegrees":3.932,"clockwiseDegrees":156.988,"altitude":0,"altitudeMeters":0,"velocity":{"x":37.31828689575195,"y":36.35547637939453,"z":0},"xVelocity":37.31828689575195,"yVelocity":36.35547637939453,"zVelocity":0,"frameIndex":0,"detection":{"camera":{"rotation":{"m11":0,"m12":0,"m13":0,"m21":0,"m22":0,"m23":0,"m31":0,"m32":0,"m33":0},"translation":{"x":0,"y":0,"z":0},"type":3},"tagIndex":0},"drone":{"camera":{"rotation":{"m11":0.9973222017288208,"m12":-0.006387840956449509,"m13":-0.07285280525684357,"m21":0.0013730817008763552,"m22":0.997637927532196,"m23":-0.06867748498916626,"m31":0.07311943173408508,"m32":0.06839355826377869,"m33":0.9949752688407898},"translation":{"x":1.3897693157196045,"y":-11.266373634338379,"z":-240}}}}{"controlState":"CTRL_TRANS_TAKEOFF","flyState":"FLYING_OK","batteryPercentage":19,"rotation":{"frontBack":-4.233,"pitch":-4.233,"theta":-4.233,"y":-4.233,"leftRight":4.541,"roll":4.541,"phi":4.541,"x":4.541,"clockwise":157.07,"yaw":157.07,"psi":157.07,"z":157.07},"frontBackDegrees":-4.233,"leftRightDegrees":4.541,"clockwiseDegrees":157.07,"altitude":0,"altitudeMeters":0,"velocity":{"x":77.52792358398438,"y":88.80221557617188,"z":0},"xVelocity":77.52792358398438,"yVelocity":88.80221557617188,"zVelocity":0,"frameIndex":0,"detection":{"camera":{"rotation":{"m11":0,"m12":0,"m13":0,"m21":0,"m22":0,"m23":0,"m31":0,"m32":0,"m33":0},"translation":{"x":0,"y":0,"z":0},"type":3},"tagIndex":0},"drone":{"camera":{"rotation":{"m11":0.9972670078277588,"m12":-0.008633728139102459,"m13":-0.07337567210197449,"m21":0.0027895665261894464,"m22":0.9968405961990356,"m23":-0.07937927544116974,"m31":0.07382918894290924,"m32":0.07895764708518982,"m33":0.9941402673721313},"translation":{"x":-5.732082366943359,"y":-13.482580184936523,"z":-240}}}}{"controlState":"CTRL_TRANS_TAKEOFF","flyState":"FLYING_OK","batteryPercentage":19,"rotation":{"frontBack":-4.27,"pitch":-4.27,"theta":-4.27,"y":-4.27,"leftRight":5.34,"roll":5.34,"phi":5.34,"x":5.34,"clockwise":157.063,"yaw":157.063,"psi":157.063,"z":157.063},"frontBackDegrees":-4.27,"leftRightDegrees":5.34,"clockwiseDegrees":157.063,"altitude":0,"altitudeMeters":0,"velocity":{"x":112.46023559570312,"y":148.1281280517578,"z":0},"xVelocity":112.46023559570312,"yVelocity":148.1281280517578,"zVelocity":0,"frameIndex":0,"detection":{"camera":{"rotation":{"m11":0,"m12":0,"m13":0,"m21":0,"m22":0,"m23":0,"m31":0,"m32":0,"m33":0},"translation":{"x":0,"y":0,"z":0},"type":3},"tagIndex":0},"drone":{"camera":{"rotation":{"m11":0.997219979763031,"m12":-0.00960218533873558,"m13":-0.07389272004365921,"m21":0.002675780560821295,"m22":0.9956372976303101,"m23":-0.0932697132229805,"m31":0.07446593791246414,"m32":0.09281269460916519,"m33":0.9928950667381287},"translation":{"x":-16.64136505126953,"y":-17.210739135742188,"z":-240}}}}{"controlState":"CTRL_TRANS_TAKEOFF","flyState":"FLYING_OK","batteryPercentage":19,"rotation":{"frontBack":-4.23,"pitch":-4.23,"theta":-4.23,"y":-4.23,"leftRight":5.412,"roll":5.412,"phi":5.412,"x":5.412,"clockwise":156.954,"yaw":156.954,"psi":156.954,"z":156.954},"frontBackDegrees":-4.23,"leftRightDegrees":5.412,"clockwiseDegrees":156.954,"altitude":0,"altitudeMeters":0,"velocity":{"x":142.12876892089844,"y":214.39634704589844,"z":0},"xVelocity":142.12876892089844,"yVelocity":214.39634704589844,"zVelocity":0,"frameIndex":0,"detection":{"camera":{"rotation":{"m11":0,"m12":0,"m13":0,"m21":0,"m22":0,"m23":0,"m31":0,"m32":0,"m33":0},"translation":{"x":0,"y":0,"z":0},"type":3},"tagIndex":0},"drone":{"camera":{"rotation":{"m11":0.99727463722229,"m12":-0.00772746279835701,"m13":-0.07337252050638199,"m21":0.0007694379892200232,"m22":0.9955350160598755,"m23":-0.09438982605934143,"m31":0.0737743005156517,"m32":0.09407612681388855,"m33":0.9928277730941772},"translation":{"x":-31.389047622680664,"y":-23.007102966308594,"z":-240}}}}{"controlState":"CTRL_FLYING","flyState":"FLYING_NO_VISION","batteryPercentage":19,"rotation":{"frontBack":-4.402,"pitch":-4.402,"theta":-4.402,"y":-4.402,"leftRight":5.612,"roll":5.612,"phi":5.612,"x":5.612,"clockwise":145.738,"yaw":145.738,"psi":145.738,"z":145.738},"frontBackDegrees":-4.402,"leftRightDegrees":5.612,"clockwiseDegrees":145.738,"altitude":0,"altitudeMeters":0,"velocity":{"x":166.523681640625,"y":279.10052490234375,"z":0},"xVelocity":166.523681640625,"yVelocity":279.10052490234375,"zVelocity":0,"frameIndex":0,"detection":{"camera":{"rotation":{"m11":0,"m12":0,"m13":0,"m21":0,"m22":0,"m23":0,"m31":0,"m32":0,"m33":0},"translation":{"x":0,"y":0,"z":0},"type":3},"tagIndex":0},"drone":{"camera":{"rotation":{"m11":0.9970492124557495,"m12":-0.007171884179115295,"m13":-0.07642940431833267,"m21":-0.00033669755794107914,"m22":0.9952080845832825,"m23":-0.09777938574552536,"m31":0.07676442712545395,"m32":0.09751658886671066,"m33":0.992268979549408},"translation":{"x":-50.4969482421875,"y":-29.241025924682617,"z":-240}}}}{"controlState":"CTRL_FLYING","flyState":"FLYING_NO_VISION","batteryPercentage":19,"rotation":{"frontBack":-4.167,"pitch":-4.167,"theta":-4.167,"y":-4.167,"leftRight":5.571,"roll":5.571,"phi":5.571,"x":5.571,"clockwise":145.898,"yaw":145.898,"psi":145.898,"z":145.898},"frontBackDegrees":-4.167,"leftRightDegrees":5.571,"clockwiseDegrees":145.898,"altitude":0.247,"altitudeMeters":0.247,"velocity":{"x":206.15538024902344,"y":353.7367858886719,"z":0},"xVelocity":206.15538024902344,"yVelocity":353.7367858886719,"zVelocity":0,"frameIndex":0,"detection":{"camera":{"rotation":{"m11":0,"m12":0,"m13":0,"m21":0,"m22":0,"m23":0,"m31":0,"m32":0,"m33":0},"translation":{"x":0,"y":0,"z":0},"type":3},"tagIndex":0},"drone":{"camera":{"rotation":{"m11":0.9973526000976562,"m12":-0.009493517689406872,"m13":-0.07209435105323792,"m21":0.002442816970869899,"m22":0.995255708694458,"m23":-0.09726321697235107,"m31":0.0726756900548935,"m32":0.0968296080827713,"m33":0.9926440715789795},"translation":{"x":-75.59980010986328,"y":-34.97504425048828,"z":-243}}}}{"controlState":"CTRL_FLYING","flyState":"FLYING_NO_VISION","batteryPercentage":19,"rotation":{"frontBack":-3.602,"pitch":-3.602,"theta":-3.602,"y":-3.602,"leftRight":5.413,"roll":5.413,"phi":5.413,"x":5.413,"clockwise":145.993,"yaw":145.993,"psi":145.993,"z":145.993},"frontBackDegrees":-3.602,"leftRightDegrees":5.413,"clockwiseDegrees":145.993,"altitude":0.26,"altitudeMeters":0.26,"velocity":{"x":235.85696411132812,"y":411.1967468261719,"z":0},"xVelocity":235.85696411132812,"yVelocity":411.1967468261719,"zVelocity":0,"frameIndex":0,"detection":{"camera":{"rotation":{"m11":0,"m12":0,"m13":0,"m21":0,"m22":0,"m23":0,"m31":0,"m32":0,"m33":0},"translation":{"x":0,"y":0,"z":0},"type":3},"tagIndex":0},"drone":{"camera":{"rotation":{"m11":0.9980162382125854,"m12":-0.009983653202652931,"m13":-0.062160395085811615,"m21":0.0040666195563972,"m22":0.9955072999000549,"m23":-0.09459797292947769,"m31":0.06282556056976318,"m32":0.09415752440690994,"m33":0.993573009967804},"translation":{"x":-104.35986328125,"y":-42.4261360168457,"z":-262}}}}{"controlState":"CTRL_FLYING","flyState":"FLYING_NO_VISION","batteryPercentage":19,"rotation":{"frontBack":-2.849,"pitch":-2.849,"theta":-2.849,"y":-2.849,"leftRight":4.976,"roll":4.976,"phi":4.976,"x":4.976,"clockwise":145.949,"yaw":145.949,"psi":145.949,"z":145.949},"frontBackDegrees":-2.849,"leftRightDegrees":4.976,"clockwiseDegrees":145.949,"altitude":0.278,"altitudeMeters":0.278,"velocity":{"x":246.7572784423828,"y":461.2171936035156,"z":0},"xVelocity":246.7572784423828,"yVelocity":461.2171936035156,"zVelocity":0,"frameIndex":0,"detection":{"camera":{"rotation":{"m11":0,"m12":0,"m13":0,"m21":0,"m22":0,"m23":0,"m31":0,"m32":0,"m33":0},"translation":{"x":0,"y":0,"z":0},"type":3},"tagIndex":0},"drone":{"camera":{"rotation":{"m11":0.9987581372261047,"m12":-0.0075728148221969604,"m13":-0.04924260452389717,"m21":0.0032685978803783655,"m22":0.9962109923362732,"m23":-0.08690813928842545,"m31":0.04971415922045708,"m32":0.08663926273584366,"m33":0.994998574256897},"translation":{"x":-136.33883666992188,"y":-51.77388381958008,"z":-276}}}}{"controlState":"CTRL_FLYING","flyState":"FLYING_NO_VISION","batteryPercentage":19,"rotation":{"frontBack":-2.052,"pitch":-2.052,"theta":-2.052,"y":-2.052,"leftRight":4.356,"roll":4.356,"phi":4.356,"x":4.356,"clockwise":145.892,"yaw":145.892,"psi":145.892,"z":145.892},"frontBackDegrees":-2.052,"leftRightDegrees":4.356,"clockwiseDegrees":145.892,"altitude":0.304,"altitudeMeters":0.304,"velocity":{"x":252.29786682128906,"y":505.80584716796875,"z":0},"xVelocity":252.29786682128906,"yVelocity":505.80584716796875,"zVelocity":0,"frameIndex":0,"detection":{"camera":{"rotation":{"m11":0,"m12":0,"m13":0,"m21":0,"m22":0,"m23":0,"m31":0,"m32":0,"m33":0},"translation":{"x":0,"y":0,"z":0},"type":3},"tagIndex":0},"drone":{"camera":{"rotation":{"m11":0.9993559718132019,"m12":-0.00495113106444478,"m13":-0.03553932160139084,"m21":0.0022360081784427166,"m22":0.9971026182174683,"m23":-0.07603459060192108,"m31":0.03581281006336212,"m32":0.07590615749359131,"m33":0.9964715838432312},"translation":{"x":-170.61636352539062,"y":-62.879798889160156,"z":-308}}}}{"controlState":"CTRL_FLYING","flyState":"FLYING_NO_VISION","batteryPercentage":19,"rotation":{"frontBack":-1.377,"pitch":-1.377,"theta":-1.377,"y":-1.377,"leftRight":3.735,"roll":3.735,"phi":3.735,"x":3.735,"clockwise":145.87,"yaw":145.87,"psi":145.87,"z":145.87},"frontBackDegrees":-1.377,"leftRightDegrees":3.735,"clockwiseDegrees":145.87,"altitude":0.327,"altitudeMeters":0.327,"velocity":{"x":250.8611297607422,"y":536.7996215820312,"z":0},"xVelocity":250.8611297607422,"yVelocity":536.7996215820312,"zVelocity":0,"frameIndex":0,"detection":{"camera":{"rotation":{"m11":0,"m12":0,"m13":0,"m21":0,"m22":0,"m23":0,"m31":0,"m32":0,"m33":0},"translation":{"x":0,"y":0,"z":0},"type":3},"tagIndex":0},"drone":{"camera":{"rotation":{"m11":0.9997093677520752,"m12":-0.003356245346367359,"m13":-0.023873083293437958,"m21":0.0017934050410985947,"m22":0.9978713989257812,"m23":-0.06518712639808655,"m31":0.024041052907705307,"m32":0.06512536108493805,"m33":0.9975874423980713},"translation":{"x":-206.0488739013672,"y":-75.61453247070312,"z":-325}}}}{"controlState":"CTRL_FLYING","flyState":"FLYING_NO_VISION","batteryPercentage":19,"rotation":{"frontBack":-0.803,"pitch":-0.803,"theta":-0.803,"y":-0.803,"leftRight":3.102,"roll":3.102,"phi":3.102,"x":3.102,"clockwise":145.855,"yaw":145.855,"psi":145.855,"z":145.855},"frontBackDegrees":-0.803,"leftRightDegrees":3.102,"clockwiseDegrees":145.855,"altitude":0.354,"altitudeMeters":0.354,"velocity":{"x":247.24444580078125,"y":562.7491455078125,"z":0},"xVelocity":247.24444580078125,"yVelocity":562.7491455078125,"zVelocity":0,"frameIndex":0,"detection":{"camera":{"rotation":{"m11":0,"m12":0,"m13":0,"m21":0,"m22":0,"m23":0,"m31":0,"m32":0,"m33":0},"translation":{"x":0,"y":0,"z":0},"type":3},"tagIndex":0},"drone":{"camera":{"rotation":{"m11":0.9999004602432251,"m12":-0.002234324812889099,"m13":-0.013930692337453365,"m21":0.001476821955293417,"m22":0.9985316395759583,"m23":-0.05415160208940506,"m31":0.014031228609383106,"m32":0.05412563681602478,"m33":0.9984355568885803},"translation":{"x":-241.8101348876953,"y":-89.77338409423828,"z":-357}}}}{"controlState":"CTRL_FLYING","flyState":"FLYING_NO_VISION","batteryPercentage":19,"rotation":{"frontBack":-0.345,"pitch":-0.345,"theta":-0.345,"y":-0.345,"leftRight":2.55,"roll":2.55,"phi":2.55,"x":2.55,"clockwise":145.816,"yaw":145.816,"psi":145.816,"z":145.816},"frontBackDegrees":-0.345,"leftRightDegrees":2.55,"clockwiseDegrees":145.816,"altitude":0.378,"altitudeMeters":0.378,"velocity":{"x":238.02926635742188,"y":579.990234375,"z":0},"xVelocity":238.02926635742188,"yVelocity":579.990234375,"zVelocity":0,"frameIndex":0,"detection":{"camera":{"rotation":{"m11":0,"m12":0,"m13":0,"m21":0,"m22":0,"m23":0,"m31":0,"m32":0,"m33":0},"translation":{"x":0,"y":0,"z":0},"type":3},"tagIndex":0},"drone":{"camera":{"rotation":{"m11":0.9999815225601196,"m12":-0.000996443792246282,"m13":-0.005995653569698334,"m21":0.0007286473410204053,"m22":0.9990090131759644,"m23":-0.044502634555101395,"m31":0.006034056656062603,"m32":0.04449744150042534,"m33":0.9989912509918213},"translation":{"x":-277.28167724609375,"y":-105.04782104492188,"z":-380}}}}{"controlState":"CTRL_FLYING","flyState":"FLYING_NO_VISION","batteryPercentage":19,"rotation":{"frontBack":0.576,"pitch":0.576,"theta":0.576,"y":0.576,"leftRight":1.574,"roll":1.574,"phi":1.574,"x":1.574,"clockwise":145.702,"yaw":145.702,"psi":145.702,"z":145.702},"frontBackDegrees":0.576,"leftRightDegrees":1.574,"clockwiseDegrees":145.702,"altitude":0.416,"altitudeMeters":0.416,"velocity":{"x":213.21920776367188,"y":606.1931762695312,"z":0},"xVelocity":213.21920776367188,"yVelocity":606.1931762695312,"zVelocity":0,"frameIndex":0,"detection":{"camera":{"rotation":{"m11":0,"m12":0,"m13":0,"m21":0,"m22":0,"m23":0,"m31":0,"m32":0,"m33":0},"translation":{"x":0,"y":0,"z":0},"type":3},"tagIndex":0},"drone":{"camera":{"rotation":{"m11":0.9999483823776245,"m12":0.0016987494891509414,"m13":0.0100211501121521,"m21":-0.0014226316707208753,"m22":0.9996209144592285,"m23":-0.0274965763092041,"m31":-0.010064059868454933,"m32":0.027480900287628174,"m33":0.999571681022644},"translation":{"x":-345.0399475097656,"y":-138.43215942382812,"z":-412}}}}}}}}{"controlState":"CTRL_FLYING","flyState":"FLYING_NO_VISION","batteryPercentage":19,"rotation":{"frontBack":0.911,"pitch":0.911,"theta":0.911,"y":0.911,"leftRight":1.273,"roll":1.273,"phi":1.273,"x":1.273,"clockwise":145.688,"yaw":145.688,"psi":145.688,"z":145.688},"frontBackDegrees":0.911,"leftRightDegrees":1.273,"clockwiseDegrees":145.688,"altitude":0.428,"altitudeMeters":0.428,"velocity":{"x":193.43960571289062,"y":610.421630859375,"z":0},"xVelocity":193.43960571289062,"yVelocity":610.421630859375,"zVelocity":0,"frameIndex":0,"detection":{"camera":{"rotation":{"m11":0,"m12":0,"m13":0,"m21":0,"m22":0,"m23":0,"m31":0,"m32":0,"m33":0},"translation":{"x":0,"y":0,"z":0},"type":3},"tagIndex":0},"drone":{"camera":{"rotation":{"m11":0.9998717904090881,"m12":0.00213608518242836,"m13":0.015869827941060066,"m21":-0.0017826501280069351,"m22":0.9997507929801941,"m23":-0.022251738235354424,"m31":-0.015913406386971474,"m32":0.022220594808459282,"m33":0.9996263980865479},"translation":{"x":-376.5046691894531,"y":-156.23126220703125,"z":-424}}}}{"controlState":"CTRL_FLYING","flyState":"FLYING_NO_VISION","batteryPercentage":19,"rotation":{"frontBack":1.151,"pitch":1.151,"theta":1.151,"y":1.151,"leftRight":1.185,"roll":1.185,"phi":1.185,"x":1.185,"clockwise":145.695,"yaw":145.695,"psi":145.695,"z":145.695},"frontBackDegrees":1.151,"leftRightDegrees":1.185,"clockwiseDegrees":145.695,"altitude":0.44,"altitudeMeters":0.44,"velocity":{"x":173.47035217285156,"y":614.6478881835938,"z":0},"xVelocity":173.47035217285156,"yVelocity":614.6478881835938,"zVelocity":0,"frameIndex":0,"detection":{"camera":{"rotation":{"m11":0,"m12":0,"m13":0,"m21":0,"m22":0,"m23":0,"m31":0,"m32":0,"m33":0},"translation":{"x":0,"y":0,"z":0},"type":3},"tagIndex":0},"drone":{"camera":{"rotation":{"m11":0.9997965693473816,"m12":0.002191094448789954,"m13":0.020050926133990288,"m21":-0.0017755914013832808,"m22":0.9997838139533997,"m23":-0.020716780796647072,"m31":-0.020091982558369637,"m32":0.02067696489393711,"m33":0.9995843172073364},"translation":{"x":-406.12322998046875,"y":-174.69476318359375,"z":-428}}}}{"controlState":"CTRL_FLYING","flyState":"FLYING_NO_VISION","batteryPercentage":19,"rotation":{"frontBack":1.534,"pitch":1.534,"theta":1.534,"y":1.534,"leftRight":0.888,"roll":0.888,"phi":0.888,"x":0.888,"clockwise":145.812,"yaw":145.812,"psi":145.812,"z":145.812},"frontBackDegrees":1.534,"leftRightDegrees":0.888,"clockwiseDegrees":145.812,"altitude":0.455,"altitudeMeters":0.455,"velocity":{"x":112.49372100830078,"y":619.064453125,"z":0},"xVelocity":112.49372100830078,"yVelocity":619.064453125,"zVelocity":0,"frameIndex":0,"detection":{"camera":{"rotation":{"m11":0,"m12":0,"m13":0,"m21":0,"m22":0,"m23":0,"m31":0,"m32":0,"m33":0},"translation":{"x":0,"y":0,"z":0},"type":3},"tagIndex":0},"drone":{"camera":{"rotation":{"m11":0.9996414184570312,"m12":0.0005406332202255726,"m13":0.026771169155836105,"m21":-0.00012556227738969028,"m22":0.999879777431488,"m23":-0.0155036561191082,"m31":-0.026776332408189774,"m32":0.015494735911488533,"m33":0.9995213150978088},"translation":{"x":-482.8865661621094,"y":-233.76419067382812,"z":-426}}}}{"controlState":"CTRL_FLYING","flyState":"FLYING_NO_VISION","batteryPercentage":19,"rotation":{"frontBack":1.526,"pitch":1.526,"theta":1.526,"y":1.526,"leftRight":0.973,"roll":0.973,"phi":0.973,"x":0.973,"clockwise":145.827,"yaw":145.827,"psi":145.827,"z":145.827},"frontBackDegrees":1.526,"leftRightDegrees":0.973,"clockwiseDegrees":145.827,"altitude":0.439,"altitudeMeters":0.439,"velocity":{"x":96.8486557006836,"y":623.1664428710938,"z":0},"xVelocity":96.8486557006836,"yVelocity":623.1664428710938,"zVelocity":0,"frameIndex":0,"detection":{"camera":{"rotation":{"m11":0,"m12":0,"m13":0,"m21":0,"m22":0,"m23":0,"m31":0,"m32":0,"m33":0},"translation":{"x":0,"y":0,"z":0},"type":3},"tagIndex":0},"drone":{"camera":{"rotation":{"m11":0.999644935131073,"m12":0.000477342662634328,"m13":0.026640750467777252,"m21":-0.00002485790173523128,"m22":0.9998557567596436,"m23":-0.0169824305921793,"m31":-0.02664501592516899,"m32":0.01697573997080326,"m33":0.9995008111000061},"translation":{"x":-504.2413635253906,"y":-254.5591278076172,"z":-416}}}}{"controlState":"CTRL_FLYING","flyState":"FLYING_NO_VISION","batteryPercentage":19,"rotation":{"frontBack":1.327,"pitch":1.327,"theta":1.327,"y":1.327,"leftRight":1.01,"roll":1.01,"phi":1.01,"x":1.01,"clockwise":145.861,"yaw":145.861,"psi":145.861,"z":145.861},"frontBackDegrees":1.327,"leftRightDegrees":1.01,"clockwiseDegrees":145.861,"altitude":0.436,"altitudeMeters":0.436,"velocity":{"x":78.3590316772461,"y":622.2797241210938,"z":0},"xVelocity":78.3590316772461,"yVelocity":622.2797241210938,"zVelocity":0,"frameIndex":0,"detection":{"camera":{"rotation":{"m11":0,"m12":0,"m13":0,"m21":0,"m22":0,"m23":0,"m31":0,"m32":0,"m33":0},"translation":{"x":0,"y":0,"z":0},"type":3},"tagIndex":0},"drone":{"camera":{"rotation":{"m11":0.9997316002845764,"m12":4.3009640648961067e-7,"m13":0.02316857874393463,"m21":0.00040818884735926986,"m22":0.999844491481781,"m23":-0.01763204298913479,"m31":-0.023164983838796616,"m32":0.017636766657233238,"m33":0.9995760917663574},"translation":{"x":-523.6489868164062,"y":-275.9618835449219,"z":-415}}}}{"controlState":"CTRL_FLYING","flyState":"FLYING_NO_VISION","batteryPercentage":19,"rotation":{"frontBack":0.934,"pitch":0.934,"theta":0.934,"y":0.934,"leftRight":1.148,"roll":1.148,"phi":1.148,"x":1.148,"clockwise":145.872,"yaw":145.872,"psi":145.872,"z":145.872},"frontBackDegrees":0.934,"leftRightDegrees":1.148,"clockwiseDegrees":145.872,"altitude":0.427,"altitudeMeters":0.427,"velocity":{"x":63.9537467956543,"y":623.8184814453125,"z":0},"xVelocity":63.9537467956543,"yVelocity":623.8184814453125,"zVelocity":0,"frameIndex":0,"detection":{"camera":{"rotation":{"m11":0,"m12":0,"m13":0,"m21":0,"m22":0,"m23":0,"m31":0,"m32":0,"m33":0},"translation":{"x":0,"y":0,"z":0},"type":3},"tagIndex":0},"drone":{"camera":{"rotation":{"m11":0.9998668432235718,"m12":-0.00010096353071276098,"m13":0.016315963119268417,"m21":0.0004278374253772199,"m22":0.9997992515563965,"m23":-0.020031742751598358,"m31":-0.016310665756464005,"m32":0.020036056637763977,"m33":0.9996662139892578},"translation":{"x":-541.3584594726562,"y":-297.9285583496094,"z":-405}}}}{"controlState":"CTRL_FLYING","flyState":"FLYING_NO_VISION","batteryPercentage":19,"rotation":{"frontBack":0.71,"pitch":0.71,"theta":0.71,"y":0.71,"leftRight":1.174,"roll":1.174,"phi":1.174,"x":1.174,"clockwise":145.899,"yaw":145.899,"psi":145.899,"z":145.899},"frontBackDegrees":0.71,"leftRightDegrees":1.174,"clockwiseDegrees":145.899,"altitude":0.42,"altitudeMeters":0.42,"velocity":{"x":50.95061111450195,"y":631.1651000976562,"z":0},"xVelocity":50.95061111450195,"yVelocity":631.1651000976562,"zVelocity":0,"frameIndex":0,"detection":{"camera":{"rotation":{"m11":0,"m12":0,"m13":0,"m21":0,"m22":0,"m23":0,"m31":0,"m32":0,"m33":0},"translation":{"x":0,"y":0,"z":0},"type":3},"tagIndex":0},"drone":{"camera":{"rotation":{"m11":0.9999228715896606,"m12":-0.00046217511408030987,"m13":0.012410160154104233,"m21":0.0007165067363530397,"m22":0.9997896552085876,"m23":-0.02049720473587513,"m31":-0.012398077175021172,"m32":0.02050451748073101,"m33":0.9997128844261169},"translation":{"x":-557.6918334960938,"y":-320.34930419921875,"z":-401}}}}{"controlState":"CTRL_FLYING","flyState":"FLYING_NO_VISION","batteryPercentage":19,"rotation":{"frontBack":0.552,"pitch":0.552,"theta":0.552,"y":0.552,"leftRight":1.26,"roll":1.26,"phi":1.26,"x":1.26,"clockwise":145.948,"yaw":145.948,"psi":145.948,"z":145.948},"frontBackDegrees":0.552,"leftRightDegrees":1.26,"clockwiseDegrees":145.948,"altitude":0.427,"altitudeMeters":0.427,"velocity":{"x":37.515869140625,"y":634.1158447265625,"z":0},"xVelocity":37.515869140625,"yVelocity":634.1158447265625,"zVelocity":0,"frameIndex":0,"detection":{"camera":{"rotation":{"m11":0,"m12":0,"m13":0,"m21":0,"m22":0,"m23":0,"m31":0,"m32":0,"m33":0},"translation":{"x":0,"y":0,"z":0},"type":3},"tagIndex":0},"drone":{"camera":{"rotation":{"m11":0.9999526143074036,"m12":-0.001169373281300068,"m13":0.009664525277912617,"m21":0.0013816694263368845,"m22":0.9997572302818298,"m23":-0.021989140659570694,"m31":-0.009636466391384602,"m32":0.02200145274400711,"m33":0.9997115135192871},"translation":{"x":-572.85205078125,"y":-343.1329650878906,"z":-401}}}}{"controlState":"CTRL_FLYING","flyState":"FLYING_NO_VISION","batteryPercentage":19,"rotation":{"frontBack":0.425,"pitch":0.425,"theta":0.425,"y":0.425,"leftRight":1.343,"roll":1.343,"phi":1.343,"x":1.343,"clockwise":145.972,"yaw":145.972,"psi":145.972,"z":145.972},"frontBackDegrees":0.425,"leftRightDegrees":1.343,"clockwiseDegrees":145.972,"altitude":0.429,"altitudeMeters":0.429,"velocity":{"x":29.439685821533203,"y":638.821044921875,"z":0},"xVelocity":29.439685821533203,"yVelocity":638.821044921875,"zVelocity":0,"frameIndex":0,"detection":{"camera":{"rotation":{"m11":0,"m12":0,"m13":0,"m21":0,"m22":0,"m23":0,"m31":0,"m32":0,"m33":0},"translation":{"x":0,"y":0,"z":0},"type":3},"tagIndex":0},"drone":{"camera":{"rotation":{"m11":0.9999711513519287,"m12":-0.0014183373423293233,"m13":0.007461159955710173,"m21":0.001592890708707273,"m22":0.9997239708900452,"m23":-0.02344125136733055,"m31":-0.007425852585583925,"m32":0.023452460765838623,"m33":0.9996973872184753},"translation":{"x":-587.0580444335938,"y":-366.2868957519531,"z":-400}}}}{"controlState":"CTRL_FLYING","flyState":"FLYING_NO_VISION","batteryPercentage":19,"rotation":{"frontBack":0.328,"pitch":0.328,"theta":0.328,"y":0.328,"leftRight":1.334,"roll":1.334,"phi":1.334,"x":1.334,"clockwise":145.991,"yaw":145.991,"psi":145.991,"z":145.991},"frontBackDegrees":0.328,"leftRightDegrees":1.334,"clockwiseDegrees":145.991,"altitude":0.429,"altitudeMeters":0.429,"velocity":{"x":19.205829620361328,"y":644.3126831054688,"z":0},"xVelocity":19.205829620361328,"yVelocity":644.3126831054688,"zVelocity":0,"frameIndex":0,"detection":{"camera":{"rotation":{"m11":0,"m12":0,"m13":0,"m21":0,"m22":0,"m23":0,"m31":0,"m32":0,"m33":0},"translation":{"x":0,"y":0,"z":0},"type":3},"tagIndex":0},"drone":{"camera":{"rotation":{"m11":0.9999821186065674,"m12":-0.0015739317750558257,"m13":0.005766468122601509,"m21":0.0017077286029234529,"m22":0.999727725982666,"m23":-0.023271573707461357,"m31":-0.005728269927203655,"m32":0.023281006142497063,"m33":0.9997125864028931},"translation":{"x":-600.4279174804688,"y":-389.72796630859375,"z":-399}}}}{"controlState":"CTRL_FLYING","flyState":"FLYING_NO_VISION","batteryPercentage":19,"rotation":{"frontBack":0.055,"pitch":0.055,"theta":0.055,"y":0.055,"leftRight":1.289,"roll":1.289,"phi":1.289,"x":1.289,"clockwise":145.99,"yaw":145.99,"psi":145.99,"z":145.99},"frontBackDegrees":0.055,"leftRightDegrees":1.289,"clockwiseDegrees":145.99,"altitude":0.425,"altitudeMeters":0.425,"velocity":{"x":15.077310562133789,"y":646.531982421875,"z":0},"xVelocity":15.077310562133789,"yVelocity":646.531982421875,"zVelocity":0,"frameIndex":0,"detection":{"camera":{"rotation":{"m11":0,"m12":0,"m13":0,"m21":0,"m22":0,"m23":0,"m31":0,"m32":0,"m33":0},"translation":{"x":0,"y":0,"z":0},"type":3},"tagIndex":0},"drone":{"camera":{"rotation":{"m11":0.9999984502792358,"m12":-0.0014375214232131839,"m13":0.0010010325349867344,"m21":0.0014596920227631927,"m22":0.9997454881668091,"m23":-0.022510867565870285,"m31":-0.0009684179094620049,"m32":0.022512294352054596,"m33":0.9997460842132568},"translation":{"x":-613.02880859375,"y":-413.39752197265625,"z":-403}}}}{"controlState":"CTRL_FLYING","flyState":"FLYING_NO_VISION","batteryPercentage":19,"rotation":{"frontBack":-0.06,"pitch":-0.06,"theta":-0.06,"y":-0.06,"leftRight":1.287,"roll":1.287,"phi":1.287,"x":1.287,"clockwise":145.989,"yaw":145.989,"psi":145.989,"z":145.989},"frontBackDegrees":-0.06,"leftRightDegrees":1.287,"clockwiseDegrees":145.989,"altitude":0.429,"altitudeMeters":0.429,"velocity":{"x":15.085457801818848,"y":655.0062866210938,"z":0},"xVelocity":15.085457801818848,"yVelocity":655.0062866210938,"zVelocity":0,"frameIndex":0,"detection":{"camera":{"rotation":{"m11":0,"m12":0,"m13":0,"m21":0,"m22":0,"m23":0,"m31":0,"m32":0,"m33":0},"translation":{"x":0,"y":0,"z":0},"type":3},"tagIndex":0},"drone":{"camera":{"rotation":{"m11":0.9999987483024597,"m12":-0.001217326382175088,"m13":-0.001031512045301497,"m21":0.0011938358657062054,"m22":0.9997466802597046,"m23":-0.022475475445389748,"m31":0.0010586107382550836,"m32":0.022474216297268867,"m33":0.9997468590736389},"translation":{"x":-624.9584350585938,"y":-437.18212890625,"z":-411}}}}{"controlState":"CTRL_FLYING","flyState":"FLYING_NO_VISION","batteryPercentage":19,"rotation":{"frontBack":-0.349,"pitch":-0.349,"theta":-0.349,"y":-0.349,"leftRight":1.124,"roll":1.124,"phi":1.124,"x":1.124,"clockwise":146.019,"yaw":146.019,"psi":146.019,"z":146.019},"frontBackDegrees":-0.349,"leftRightDegrees":1.124,"clockwiseDegrees":146.019,"altitude":0.448,"altitudeMeters":0.448,"velocity":{"x":15.103675842285156,"y":663.2435913085938,"z":0},"xVelocity":15.103675842285156,"yVelocity":663.2435913085938,"zVelocity":0,"frameIndex":0,"detection":{"camera":{"rotation":{"m11":0,"m12":0,"m13":0,"m21":0,"m22":0,"m23":0,"m31":0,"m32":0,"m33":0},"translation":{"x":0,"y":0,"z":0},"type":3},"tagIndex":0},"drone":{"camera":{"rotation":{"m11":0.999980628490448,"m12":-0.0013051197165623307,"m13":-0.006081472150981426,"m21":0.0011855243938043714,"m22":0.9998066425323486,"m23":-0.019627807661890984,"m31":0.00610591284930706,"m32":0.019620219245553017,"m33":0.9997888207435608},"translation":{"x":-647.013916015625,"y":-484.8658447265625,"z":-427}}}}{"controlState":"CTRL_FLYING","flyState":"FLYING_NO_VISION","batteryPercentage":19,"rotation":{"frontBack":-0.133,"pitch":-0.133,"theta":-0.133,"y":-0.133,"leftRight":1.29,"roll":1.29,"phi":1.29,"x":1.29,"clockwise":146.117,"yaw":146.117,"psi":146.117,"z":146.117},"frontBackDegrees":-0.133,"leftRightDegrees":1.29,"clockwiseDegrees":146.117,"altitude":0.475,"altitudeMeters":0.475,"velocity":{"x":12.736145973205566,"y":660.6114501953125,"z":0},"xVelocity":12.736145973205566,"yVelocity":660.6114501953125,"zVelocity":0,"frameIndex":0,"detection":{"camera":{"rotation":{"m11":0,"m12":0,"m13":0,"m21":0,"m22":0,"m23":0,"m31":0,"m32":0,"m33":0},"translation":{"x":0,"y":0,"z":0},"type":3},"tagIndex":0},"drone":{"camera":{"rotation":{"m11":0.9999946355819702,"m12":-0.0023705391213297844,"m13":-0.002272633835673332,"m21":0.0023187673650681973,"m22":0.9997437596321106,"m23":-0.02251867949962616,"m31":0.0023254328407347202,"m32":0.022513289004564285,"m33":0.9997438788414001},"translation":{"x":-667.396728515625,"y":-532.086669921875,"z":-452}}}}{"controlState":"CTRL_FLYING","flyState":"FLYING_NO_VISION","batteryPercentage":19,"rotation":{"frontBack":0.068,"pitch":0.068,"theta":0.068,"y":0.068,"leftRight":1.401,"roll":1.401,"phi":1.401,"x":1.401,"clockwise":146.199,"yaw":146.199,"psi":146.199,"z":146.199},"frontBackDegrees":0.068,"leftRightDegrees":1.401,"clockwiseDegrees":146.199,"altitude":0.49,"altitudeMeters":0.49,"velocity":{"x":16.265771865844727,"y":663.664306640625,"z":0},"xVelocity":16.265771865844727,"yVelocity":663.664306640625,"zVelocity":0,"frameIndex":0,"detection":{"camera":{"rotation":{"m11":0,"m12":0,"m13":0,"m21":0,"m22":0,"m23":0,"m31":0,"m32":0,"m33":0},"translation":{"x":0,"y":0,"z":0},"type":3},"tagIndex":0},"drone":{"camera":{"rotation":{"m11":0.9999933838844299,"m12":-0.0033989965450018644,"m13":0.0012800944969058037,"m21":0.0034292798954993486,"m22":0.9996951818466187,"m23":-0.024448910728096962,"m31":-0.0011966025922447443,"m32":0.024453138932585716,"m33":0.9997002482414246},"translation":{"x":-676.8203125,"y":-555.962890625,"z":-475}}}}{"controlState":"CTRL_FLYING","flyState":"FLYING_NO_VISION","batteryPercentage":19,"rotation":{"frontBack":0.373,"pitch":0.373,"theta":0.373,"y":0.373,"leftRight":1.556,"roll":1.556,"phi":1.556,"x":1.556,"clockwise":146.243,"yaw":146.243,"psi":146.243,"z":146.243},"frontBackDegrees":0.373,"leftRightDegrees":1.556,"clockwiseDegrees":146.243,"altitude":0.509,"altitudeMeters":0.509,"velocity":{"x":19.35280418395996,"y":657.4632568359375,"z":0},"xVelocity":19.35280418395996,"yVelocity":657.4632568359375,"zVelocity":0,"frameIndex":0,"detection":{"camera":{"rotation":{"m11":0,"m12":0,"m13":0,"m21":0,"m22":0,"m23":0,"m31":0,"m32":0,"m33":0},"translation":{"x":0,"y":0,"z":0},"type":3},"tagIndex":0},"drone":{"camera":{"rotation":{"m11":0.9999712109565735,"m12":-0.003696745028719306,"m13":0.006630017422139645,"m21":0.0038753768894821405,"m22":0.9996242523193359,"m23":-0.027135543525218964,"m31":-0.006527213379740715,"m32":0.02716045454144478,"m33":0.9996097683906555},"translation":{"x":-685.5933837890625,"y":-580.3508911132812,"z":-488}}}}{"controlState":"CTRL_FLYING","flyState":"FLYING_NO_VISION","batteryPercentage":19,"rotation":{"frontBack":1.1,"pitch":1.1,"theta":1.1,"y":1.1,"leftRight":1.995,"roll":1.995,"phi":1.995,"x":1.995,"clockwise":146.454,"yaw":146.454,"psi":146.454,"z":146.454},"frontBackDegrees":1.1,"leftRightDegrees":1.995,"clockwiseDegrees":146.454,"altitude":0.547,"altitudeMeters":0.547,"velocity":{"x":10.460283279418945,"y":650.94091796875,"z":0},"xVelocity":10.460283279418945,"yVelocity":650.94091796875,"zVelocity":0,"frameIndex":0,"detection":{"camera":{"rotation":{"m11":0,"m12":0,"m13":0,"m21":0,"m22":0,"m23":0,"m31":0,"m32":0,"m33":0},"translation":{"x":0,"y":0,"z":0},"type":3},"tagIndex":0},"drone":{"camera":{"rotation":{"m11":0.9997920989990234,"m12":-0.006181747652590275,"m13":0.01943124085664749,"m21":0.006853417493402958,"m22":0.9993745684623718,"m23":-0.03469216451048851,"m31":-0.019204627722501755,"m32":0.034818124026060104,"m33":0.9992091059684753},"translation":{"x":-700.6845092773438,"y":-632.0801391601562,"z":-538}}}}510}}}}{"controlState":"CTRL_FLYING","flyState":"FLYING_NO_VISION","batteryPercentage":19,"rotation":{"frontBack":1.042,"pitch":1.042,"theta":1.042,"y":1.042,"leftRight":2.098,"roll":2.098,"phi":2.098,"x":2.098,"clockwise":146.592,"yaw":146.592,"psi":146.592,"z":146.592},"frontBackDegrees":1.042,"leftRightDegrees":2.098,"clockwiseDegrees":146.592,"altitude":0.569,"altitudeMeters":0.569,"velocity":{"x":8.243415832519531,"y":647.0919799804688,"z":0},"xVelocity":8.243415832519531,"yVelocity":647.0919799804688,"zVelocity":0,"frameIndex":0,"detection":{"camera":{"rotation":{"m11":0,"m12":0,"m13":0,"m21":0,"m22":0,"m23":0,"m31":0,"m32":0,"m33":0},"translation":{"x":0,"y":0,"z":0},"type":3},"tagIndex":0},"drone":{"camera":{"rotation":{"m11":0.9997947216033936,"m12":-0.008230949752032757,"m13":0.01851474680006504,"m21":0.008901975117623806,"m22":0.9992955327033997,"m23":-0.03645724430680275,"m31":-0.01820162497460842,"m32":0.03661457821726799,"m33":0.9991636872291565},"translation":{"x":-706.9024047851562,"y":-659.9588623046875,"z":-553}}}}{"controlState":"CTRL_FLYING","flyState":"FLYING_NO_VISION","batteryPercentage":19,"rotation":{"frontBack":0.518,"pitch":0.518,"theta":0.518,"y":0.518,"leftRight":1.679,"roll":1.679,"phi":1.679,"x":1.679,"clockwise":146.727,"yaw":146.727,"psi":146.727,"z":146.727},"frontBackDegrees":0.518,"leftRightDegrees":1.679,"clockwiseDegrees":146.727,"altitude":0.614,"altitudeMeters":0.614,"velocity":{"x":13.919506072998047,"y":624.092529296875,"z":0},"xVelocity":13.919506072998047,"yVelocity":624.092529296875,"zVelocity":0,"frameIndex":0,"detection":{"camera":{"rotation":{"m11":0,"m12":0,"m13":0,"m21":0,"m22":0,"m23":0,"m31":0,"m32":0,"m33":0},"translation":{"x":0,"y":0,"z":0},"type":3},"tagIndex":0},"drone":{"camera":{"rotation":{"m11":0.9999038577079773,"m12":-0.010234769433736801,"m13":0.009358640760183334,"m21":0.010504288598895073,"m22":0.9995178580284119,"m23":-0.029218334704637527,"m31":-0.009055085480213165,"m32":0.0293138287961483,"m33":0.999529242515564},"translation":{"x":-717.4335327148438,"y":-719.2764892578125,"z":-611}}}}{"controlState":"CTRL_FLYING","flyState":"FLYING_NO_VISION","batteryPercentage":19,"rotation":{"frontBack":0.35,"pitch":0.35,"theta":0.35,"y":0.35,"leftRight":1.29,"roll":1.29,"phi":1.29,"x":1.29,"clockwise":146.718,"yaw":146.718,"psi":146.718,"z":146.718},"frontBackDegrees":0.35,"leftRightDegrees":1.29,"clockwiseDegrees":146.718,"altitude":0.636,"altitudeMeters":0.636,"velocity":{"x":11.240751266479492,